0.0053 0.0370 0.0113 0.0001
0.0054 0.0000 0.0114 0.0001
0.0056 0.0370 0.0115 0.0012
0.0057 0.0000 0.0116 0.0025
0.0059 0.0000 0.0117 0.0043
0.0060 0.0000 0.0118 0.0102
0.0062 0.0000 0.0119 0.0159
0.0063 0.0000 0.0121 0.0329
0.0065 0.0370 0.0122 0.0498
0.0066 0.0000 0.0123 0.0886
0.0068 0.0000 0.0124 0.1329
0.0070 0.0000 0.0125 0.1978
0.0071 0.0000 0.0126 0.2849
0.0073 0.1481 0.0127 0.4013
0.0074 0.0370 0.0129 0.5454
0.0076 0.1111 0.0130 0.7032
0.0077 0.0370 0.0131 0.9287
0.0079 0.0000 0.0132 1.1598
0.0080 0.1111 0.0133 1.4093
0.0082 0.2222 0.0134 1.7040
0.0083 0.1111 0.0135 2.0263
0.0085 0.0370 0.0137 2.3388
0.0087 0.1481 0.0138 2.7096
0.0088 0.3333 0.0139 2.9644
0.0090 0.5185 0.0140 3.2569
0.0091 0.3704 0.0141 3.5419
0.0093 0.4815 0.0142 3.7798
0.0094 0.2963 0.0144 3.9311
0.0096 0.6667 0.0145 4.0362
0.0097 0.6667 0.0146 4.1704
0.0099 0.5556 0.0147 4.1873
0.0101 0.8148 0.0148 4.1386
0.0102 0.8148 0.0149 4.0628
0.0104 0.8519 0.0150 3.9529
0.0105 1.2593 0.0152 3.8100
0.0107 1.4444 0.0153 3.5952
0.0108 1.2963 0.0154 3.3815
0.0110 1.8519 0.0155 3.1810
0.0111 1.3333 0.0156 2.9400
0.0113 1.6667 0.0157 2.7494
0.0114 1.5926 0.0158 2.5575
0.0116 1.7778 0.0160 2.3138
0.0118 1.9630 0.0161 2.1068
0.0119 2.1111 0.0162 1.8827
0.0121 1.8148 0.0163 1.7075
0.0122 2.2593 0.0164 1.5225
0.0124 2.6296 0.0165 1.3685
0.0125 2.4444 0.0166 1.2365
0.0127 2.2222 0.0168 1.0832
0.0128 2.8148 0.0169 0.9677
0.0130 2.9259 0.0170 0.8646
0.0131 2.8148 0.0171 0.7608
0.0133 3.6296 0.0172 0.6659
0.0135 3.1111 0.0173 0.5750
0.0136 3.1111 0.0175 0.5080
0.0138 2.5556 0.0176 0.4443
0.0139 3.0370 0.0177 0.3945
0.0141 3.0000 0.0178 0.3364
0.0142 3.4444 0.0179 0.3020
0.0144 2.6667 0.0180 0.2657
0.0145 2.9259 0.0181 0.2282
0.0147 2.7407 0.0183 0.2082
0.0148 3.5185 0.0184 0.1748
0.0150 2.4074 0.0185 0.1498
0.0152 2.4074 0.0186 0.1339
0.0153 2.7407 0.0187 0.1138
0.0155 2.0000 0.0188 0.0987
0.0156 1.9630 0.0189 0.0840
0.0158 1.8519 0.0191 0.0779
0.0159 1.8148 0.0192 0.0704
0.0161 1.0741 0.0193 0.0562
0.0162 1.0370 0.0194 0.0520
0.0164 1.1111 0.0195 0.0408
0.0165 0.5926 0.0196 0.0364
0.0167 0.5926 0.0197 0.0292
0.0169 0.4444 0.0199 0.0230
0.0170 0.2963 0.0200 0.0204
0.0172 0.2963 0.0201 0.0178
0.0173 0.4074 0.0202 0.0170
0.0175 0.2593 0.0203 0.0125
0.0176 0.2593 0.0204 0.0107
0.0178 0.1852 0.0206 0.0113
0.0179 0.1111 0.0207 0.0073
0.0181 0.0741 0.0208 0.0068
0.0182 0.0741 0.0209 0.0053
0.0184 0.2222 0.0210 0.0046
0.0186 0.0000 0.0211 0.0031
0.0187 0.0370 0.0212 0.0028
0.0189 0.0370 0.0214 0.0022
0.0190 0.0370 0.0215 0.0017
0.0192 0.0370 0.0216 0.0014
0.0193 0.0370 0.0217 0.0016
0.0195 0.0370 0.0218 0.0009
0.0196 0.0000 0.0219 0.0012
0.0198 0.0741 0.0220 0.0002
0.0199 0.0370 0.0222 0.0004
0.0201 0.0000 0.0223 0.0005
0.0203 0.0000 0.0224 0.0002
0.0204 0.0000 0.0225 0.0006
0.0206 0.0000 0.0226 0.0005
0.0207 0.0370 0.0227 0.0004
